PdfType: replica
Format: lhagrid1
---
0.00119475 0.0016601 0.0023067 0.00320514 0.00445353 0.00618817 0.00859843 0.0119475 0.016601 0.023067 0.0320515 0.0445354 0.0618817 0.0859843 0.119475 0.16601 0.23067 0.320515 0.445354 0.618817 0.859843 1.0
0.1E+001 0.1E+007
-13 13
0.0607304 0.0453578
0.0607304 0.0453578
0.0609154 0.0528422
0.0609154 0.0528422
0.0747762 0.0789859
0.0747762 0.0789859
0.0808769 0.0568881
0.0808769 0.0568881
0.0880245 0.0635431
0.0880245 0.0635431
0.0805082 0.0599133
0.0805082 0.0599133
0.0648668 0.0265045
0.0648668 0.0265045
0.0449386 0.0246795
0.0449386 0.0246795
0.0456316 0.0255344
0.0456316 0.0255344
0.0323138 0.0205595
0.0323138 0.0205595
0.0386049 0.0190161
0.0386049 0.0190161
0.0473754 0.0253514
0.0473754 0.0253514
0.0439372 0.0317079
0.0439372 0.0317079
0.0284527 0.0476687
0.0284527 0.0476687
0.0240631 0.0605589
0.0240631 0.0605589
0.0252815 0.193249
0.0252815 0.193249
0.0046242 0.190658
0.0046242 0.190658
0.00206929 0.0638261
0.00206929 0.0638261
0.000295656 0.0220414
0.000295656 0.0220414
0 0.00408006
0 0.00408006
0 0
0 0
0.0 0.0
0.0 0.0
---
