PdfType: replica
Format: lhagrid1
---
0.00119475 0.0016601 0.0023067 0.00320514 0.00445353 0.00618817 0.00859843 0.0119475 0.016601 0.023067 0.0320515 0.0445354 0.0618817 0.0859843 0.119475 0.16601 0.23067 0.320515 0.445354 0.618817 0.859843 1.0
0.1E+001 0.1E+007
-13 13
2.88510000e-01 2.88510000e-01
2.88510000e-01 2.88510000e-01
3.27604000e-01 3.27604000e-01
3.27604000e-01 3.27604000e-01
4.48100000e-01 4.48100000e-01
4.48100000e-01 4.48100000e-01
4.19860000e-01 4.19860000e-01
4.19860000e-01 4.19860000e-01
4.20562000e-01 4.20562000e-01
4.20562000e-01 4.20562000e-01
3.88534000e-01 3.88534000e-01
3.88534000e-01 3.88534000e-01
3.01071000e-01 3.01071000e-01
3.01071000e-01 3.01071000e-01
2.24443400e-01 2.24443400e-01
2.24443400e-01 2.24443400e-01
2.34453700e-01 2.34453700e-01
2.34453700e-01 2.34453700e-01
1.78615800e-01 1.78615800e-01
1.78615800e-01 1.78615800e-01
1.87938000e-01 1.87938000e-01
1.87938000e-01 1.87938000e-01
2.26668200e-01 2.26668200e-01
2.26668200e-01 2.26668200e-01
3.08363000e-01 3.08363000e-01
3.08363000e-01 3.08363000e-01
3.00897000e-01 3.00897000e-01
3.00897000e-01 3.00897000e-01
3.40308000e-01 3.40308000e-01
3.40308000e-01 3.40308000e-01
5.85879400e-01 5.85879400e-01
5.85879400e-01 5.85879400e-01
4.63438900e-01 4.63438900e-01
4.63438900e-01 4.63438900e-01
1.88599060e-01 1.88599060e-01
1.88599060e-01 1.88599060e-01
8.26833190e-02 8.26833190e-02
8.26833190e-02 8.26833190e-02
8.84010000e-03 8.84010000e-03
8.84010000e-03 8.84010000e-03
0.00000000e+00 0.00000000e+00
0.00000000e+00 0.00000000e+00
0.00000000e+00 0.00000000e+00
0.00000000e+00 0.00000000e+00
---
