# Kling 2025 FASER neutrino flux, EPOSLHC_light.root, minus 160 urad crossing angle, through x in [-115,135] mm, y in [-171,129] mm at z = 0 (480 m from the ATLAS IP).
# Neutrinos per fb^-1 in each energy bin (NOT per GeV); err = MC statistical error, sqrt(sum w^2).
# E_lo_GeV E_hi_GeV N_nue err_nue N_nuebar err_nuebar N_numu err_numu N_numubar err_numubar N_nutau err_nutau N_nutaubar err_nutaubar
1.000000e+01 1.258925e+01 2.464140e+06 4.498884e+05 2.464140e+06 4.498884e+05 2.965182e+08 4.935120e+06 2.814048e+08 4.807705e+06 0.000000e+00 0.000000e+00 0.000000e+00 0.000000e+00
1.258925e+01 1.584893e+01 4.106900e+06 5.808034e+05 4.764004e+06 6.255444e+05 3.606680e+08 5.442843e+06 3.375872e+08 5.265808e+06 0.000000e+00 0.000000e+00 0.000000e+00 0.000000e+00
1.584893e+01 1.995262e+01 5.831798e+06 6.921071e+05 5.831798e+06 6.921071e+05 4.256391e+08 5.912795e+06 3.992728e+08 5.726733e+06 0.000000e+00 0.000000e+00 0.000000e+00 0.000000e+00
1.995262e+01 2.511886e+01 7.392420e+06 7.792295e+05 8.131662e+06 8.172628e+05 4.816572e+08 6.289862e+06 4.621905e+08 6.161445e+06 0.000000e+00 0.000000e+00 0.000000e+00 0.000000e+00
2.511886e+01 3.162278e+01 1.076008e+07 9.401124e+05 1.133504e+07 9.649030e+05 5.819477e+08 6.913756e+06 5.340613e+08 6.623196e+06 0.000000e+00 0.000000e+00 0.000000e+00 0.000000e+00
3.162278e+01 3.981072e+01 1.609905e+07 1.149932e+06 1.913815e+07 1.253782e+06 7.052369e+08 7.610962e+06 6.364052e+08 7.230011e+06 0.000000e+00 0.000000e+00 0.000000e+00 0.000000e+00
3.981072e+01 5.011872e+01 2.267009e+07 1.364579e+06 1.963098e+07 1.269823e+06 7.836787e+08 8.023079e+06 6.814990e+08 7.481775e+06 0.000000e+00 0.000000e+00 0.000000e+00 0.000000e+00
5.011872e+01 6.309573e+01 2.768051e+07 1.507853e+06 3.318375e+07 1.650953e+06 8.755911e+08 8.480525e+06 7.442524e+08 7.818658e+06 0.000000e+00 0.000000e+00 0.000000e+00 0.000000e+00
6.309573e+01 7.943282e+01 3.704424e+07 1.744345e+06 4.583300e+07 1.940266e+06 9.408908e+08 8.791069e+06 7.982992e+08 8.097574e+06 0.000000e+00 0.000000e+00 0.000000e+00 0.000000e+00
7.943282e+01 1.000000e+02 5.059701e+07 2.038612e+06 6.193205e+07 2.255432e+06 1.017279e+09 9.140967e+06 8.496355e+08 8.353883e+06 0.000000e+00 0.000000e+00 0.000000e+00 0.000000e+00
1.000000e+02 1.258925e+02 6.932447e+07 2.386247e+06 7.696331e+07 2.514282e+06 1.037074e+09 9.229475e+06 8.648310e+08 8.428255e+06 0.000000e+00 0.000000e+00 0.000000e+00 0.000000e+00
1.258925e+02 1.584893e+02 8.640918e+07 2.664109e+06 1.031653e+08 2.910978e+06 1.053584e+09 9.302650e+06 8.629418e+08 8.419045e+06 0.000000e+00 0.000000e+00 0.000000e+00 0.000000e+00
1.584893e+02 1.995262e+02 1.048081e+08 2.934063e+06 1.299423e+08 3.266987e+06 1.041510e+09 9.249191e+06 8.532495e+08 8.371631e+06 0.000000e+00 0.000000e+00 0.000000e+00 0.000000e+00
1.995262e+02 2.511886e+02 1.315851e+08 3.287573e+06 1.529410e+08 3.544328e+06 1.035678e+09 9.223260e+06 7.798182e+08 8.003293e+06 0.000000e+00 0.000000e+00 0.000000e+00 0.000000e+00
2.511886e+02 3.162278e+02 1.371705e+08 3.356621e+06 1.756932e+08 3.798827e+06 9.656965e+08 8.906199e+06 7.280712e+08 7.733196e+06 0.000000e+00 0.000000e+00 0.000000e+00 0.000000e+00
3.162278e+02 3.981072e+02 1.360205e+08 3.342522e+06 1.596763e+08 3.621531e+06 8.764125e+08 8.484502e+06 6.226060e+08 7.151197e+06 0.000000e+00 0.000000e+00 0.000000e+00 0.000000e+00
3.981072e+02 5.011872e+02 1.170466e+08 3.100642e+06 1.434951e+08 3.433133e+06 7.650333e+08 7.927062e+06 5.102413e+08 6.473808e+06 0.000000e+00 0.000000e+00 0.000000e+00 0.000000e+00
5.011872e+02 6.309573e+02 9.700498e+07 2.822728e+06 1.253426e+08 3.208643e+06 6.353374e+08 7.223943e+06 4.032154e+08 5.754938e+06 0.000000e+00 0.000000e+00 0.000000e+00 0.000000e+00
6.309573e+02 7.943282e+02 7.121365e+07 2.418542e+06 8.739483e+07 2.679260e+06 4.851070e+08 6.312347e+06 3.021036e+08 4.981384e+06 0.000000e+00 0.000000e+00 0.000000e+00 0.000000e+00
7.943282e+02 1.000000e+03 5.043273e+07 2.035299e+06 5.552529e+07 2.135588e+06 3.611608e+08 5.446561e+06 2.061664e+08 4.115106e+06 0.000000e+00 0.000000e+00 0.000000e+00 0.000000e+00
1.000000e+03 1.258925e+03 3.203382e+07 1.622096e+06 3.154099e+07 1.609570e+06 2.405001e+08 4.444569e+06 1.452200e+08 3.453705e+06 0.000000e+00 0.000000e+00 0.000000e+00 0.000000e+00
1.258925e+03 1.584893e+03 1.733112e+07 1.193123e+06 1.470270e+07 1.098932e+06 1.387311e+08 3.375662e+06 9.314449e+07 2.765990e+06 0.000000e+00 0.000000e+00 0.000000e+00 0.000000e+00
1.584893e+03 1.995262e+03 7.392420e+06 7.792295e+05 5.996074e+06 7.017874e+05 8.205586e+07 2.596133e+06 5.946791e+07 2.210108e+06 0.000000e+00 0.000000e+00 0.000000e+00 0.000000e+00
1.995262e+03 2.511886e+03 3.942624e+06 5.690688e+05 2.792692e+06 4.789427e+05 4.295817e+07 1.878430e+06 3.170527e+07 1.613756e+06 0.000000e+00 0.000000e+00 0.000000e+00 0.000000e+00
2.511886e+03 3.162278e+03 1.560622e+06 3.580312e+05 9.856560e+05 2.845344e+05 2.201298e+07 1.344657e+06 1.560622e+07 1.132194e+06 0.000000e+00 0.000000e+00 0.000000e+00 0.000000e+00
3.162278e+03 3.981072e+03 3.285520e+05 1.642760e+05 8.213800e+04 8.213800e+04 1.034939e+07 9.219968e+05 5.010418e+06 6.415183e+05 0.000000e+00 0.000000e+00 0.000000e+00 0.000000e+00
3.981072e+03 5.011872e+03 8.213800e+04 8.213800e+04 0.000000e+00 0.000000e+00 4.599728e+06 6.146645e+05 9.035180e+05 2.724209e+05 0.000000e+00 0.000000e+00 0.000000e+00 0.000000e+00
5.011872e+03 6.309573e+03 0.000000e+00 0.000000e+00 0.000000e+00 0.000000e+00 1.314208e+06 3.285520e+05 1.642760e+05 1.161607e+05 0.000000e+00 0.000000e+00 0.000000e+00 0.000000e+00
6.309573e+03 7.943282e+03 0.000000e+00 0.000000e+00 0.000000e+00 0.000000e+00 0.000000e+00 0.000000e+00 0.000000e+00 0.000000e+00 0.000000e+00 0.000000e+00 0.000000e+00 0.000000e+00
7.943282e+03 1.000000e+04 0.000000e+00 0.000000e+00 0.000000e+00 0.000000e+00 0.000000e+00 0.000000e+00 0.000000e+00 0.000000e+00 0.000000e+00 0.000000e+00 0.000000e+00 0.000000e+00
