# Kling 2025 FASER neutrino flux, EPOSLHC_light.root, minus 160 urad crossing angle, through r < 100 mm of (x, y) = (0, 0) mm at z = 0 (the electronic-detector fiducial cylinder).
# Neutrinos per fb^-1 in each energy bin (NOT per GeV); err = MC statistical error, sqrt(sum w^2).  Written 2026-10-07 by tools/make_flux_fid_spectra.py.
# E_lo_GeV E_hi_GeV N_nue err_nue N_nuebar err_nuebar N_numu err_numu N_numubar err_numubar N_nutau err_nutau N_nutaubar err_nutaubar
1.000000e+01 1.258925e+01 1.396346e+06 3.386636e+05 7.392420e+05 2.464140e+05 1.240284e+08 3.191777e+06 1.186894e+08 3.122325e+06 0.000000e+00 0.000000e+00 0.000000e+00 0.000000e+00
1.258925e+01 1.584893e+01 1.314208e+06 3.285520e+05 2.135588e+06 4.188233e+05 1.535981e+08 3.551934e+06 1.418523e+08 3.413424e+06 0.000000e+00 0.000000e+00 0.000000e+00 0.000000e+00
1.584893e+01 1.995262e+01 2.382002e+06 4.423267e+05 2.546278e+06 4.573250e+05 1.792251e+08 3.836821e+06 1.646046e+08 3.676995e+06 0.000000e+00 0.000000e+00 0.000000e+00 0.000000e+00
1.995262e+01 2.511886e+01 2.956968e+06 4.928280e+05 3.531934e+06 5.386149e+05 2.001703e+08 4.054823e+06 1.887531e+08 3.937487e+06 0.000000e+00 0.000000e+00 0.000000e+00 0.000000e+00
2.511886e+01 3.162278e+01 4.435452e+06 6.035886e+05 4.681866e+06 6.201283e+05 2.510137e+08 4.540679e+06 2.257974e+08 4.306570e+06 0.000000e+00 0.000000e+00 0.000000e+00 0.000000e+00
3.162278e+01 3.981072e+01 6.981730e+06 7.572749e+05 8.049524e+06 8.131247e+05 2.958611e+08 4.929649e+06 2.653879e+08 4.668879e+06 0.000000e+00 0.000000e+00 0.000000e+00 0.000000e+00
3.981072e+01 5.011872e+01 9.528008e+06 8.846533e+05 7.803110e+06 8.005822e+05 3.345481e+08 5.242052e+06 2.945469e+08 4.918688e+06 0.000000e+00 0.000000e+00 0.000000e+00 0.000000e+00
5.011872e+01 6.309573e+01 1.215642e+07 9.992519e+05 1.445629e+07 1.089684e+06 3.793954e+08 5.582363e+06 3.127815e+08 5.068653e+06 0.000000e+00 0.000000e+00 0.000000e+00 0.000000e+00
6.309573e+01 7.943282e+01 1.560622e+07 1.132194e+06 1.790608e+07 1.212753e+06 3.997656e+08 5.730266e+06 3.494151e+08 5.357262e+06 0.000000e+00 0.000000e+00 0.000000e+00 0.000000e+00
7.943282e+01 1.000000e+02 2.012381e+07 1.285663e+06 2.776264e+07 1.510089e+06 4.303210e+08 5.945225e+06 3.636249e+08 5.465110e+06 0.000000e+00 0.000000e+00 0.000000e+00 0.000000e+00
1.000000e+02 1.258925e+02 3.039106e+07 1.579956e+06 3.071961e+07 1.588473e+06 4.464200e+08 6.055415e+06 3.795597e+08 5.583572e+06 0.000000e+00 0.000000e+00 0.000000e+00 0.000000e+00
1.258925e+02 1.584893e+02 3.712638e+07 1.746278e+06 4.180824e+07 1.853118e+06 4.629298e+08 6.166371e+06 3.777527e+08 5.570265e+06 0.000000e+00 0.000000e+00 0.000000e+00 0.000000e+00
1.584893e+02 1.995262e+02 4.616156e+07 1.947208e+06 5.634667e+07 2.151326e+06 4.613691e+08 6.155968e+06 3.803811e+08 5.589610e+06 0.000000e+00 0.000000e+00 0.000000e+00 0.000000e+00
1.995262e+02 2.511886e+02 5.913936e+07 2.203994e+06 6.710675e+07 2.347768e+06 4.674474e+08 6.196385e+06 3.577110e+08 5.420486e+06 0.000000e+00 0.000000e+00 0.000000e+00 0.000000e+00
2.511886e+02 3.162278e+02 5.979646e+07 2.216204e+06 8.049524e+07 2.571326e+06 4.327851e+08 5.962223e+06 3.302769e+08 5.208482e+06 0.000000e+00 0.000000e+00 0.000000e+00 0.000000e+00
3.162278e+02 3.981072e+02 6.226060e+07 2.261407e+06 7.556696e+07 2.491369e+06 4.018191e+08 5.744964e+06 2.857581e+08 4.844750e+06 0.000000e+00 0.000000e+00 0.000000e+00 0.000000e+00
3.981072e+02 5.011872e+02 5.536101e+07 2.132427e+06 6.874951e+07 2.376331e+06 3.597644e+08 5.436022e+06 2.352432e+08 4.395726e+06 0.000000e+00 0.000000e+00 0.000000e+00 0.000000e+00
5.011872e+02 6.309573e+02 4.805073e+07 1.986653e+06 6.135709e+07 2.244938e+06 3.015286e+08 4.976641e+06 1.880139e+08 3.929769e+06 0.000000e+00 0.000000e+00 0.000000e+00 0.000000e+00
6.309573e+02 7.943282e+02 3.310161e+07 1.648909e+06 4.583300e+07 1.940266e+06 2.367217e+08 4.409518e+06 1.395525e+08 3.385640e+06 0.000000e+00 0.000000e+00 0.000000e+00 0.000000e+00
7.943282e+02 1.000000e+03 2.414857e+07 1.408373e+06 2.907685e+07 1.545417e+06 1.719148e+08 3.757757e+06 1.020154e+08 2.894709e+06 0.000000e+00 0.000000e+00 0.000000e+00 0.000000e+00
1.000000e+03 1.258925e+03 1.494912e+07 1.108102e+06 1.626332e+07 1.155784e+06 1.217285e+08 3.162046e+06 7.630620e+07 2.503525e+06 0.000000e+00 0.000000e+00 0.000000e+00 0.000000e+00
1.258925e+03 1.584893e+03 8.624490e+06 8.416640e+05 7.967386e+06 8.089655e+05 7.022799e+07 2.401747e+06 4.813287e+07 1.988350e+06 0.000000e+00 0.000000e+00 0.000000e+00 0.000000e+00
1.584893e+03 1.995262e+03 3.121244e+06 5.063326e+05 3.449796e+06 5.323151e+05 4.377955e+07 1.896303e+06 2.981609e+07 1.564939e+06 0.000000e+00 0.000000e+00 0.000000e+00 0.000000e+00
1.995262e+03 2.511886e+03 2.546278e+06 4.573250e+05 1.232070e+06 3.181191e+05 2.234154e+07 1.354655e+06 1.864533e+07 1.237534e+06 0.000000e+00 0.000000e+00 0.000000e+00 0.000000e+00
2.511886e+03 3.162278e+03 9.035180e+05 2.724209e+05 5.749660e+05 2.173167e+05 1.182787e+07 9.856560e+05 9.117318e+06 8.653775e+05 0.000000e+00 0.000000e+00 0.000000e+00 0.000000e+00
3.162278e+03 3.981072e+03 2.464140e+05 1.422672e+05 0.000000e+00 0.000000e+00 5.585384e+06 6.773273e+05 2.956968e+06 4.928280e+05 0.000000e+00 0.000000e+00 0.000000e+00 0.000000e+00
3.981072e+03 5.011872e+03 0.000000e+00 0.000000e+00 0.000000e+00 0.000000e+00 2.299864e+06 4.346334e+05 5.749660e+05 2.173167e+05 0.000000e+00 0.000000e+00 0.000000e+00 0.000000e+00
5.011872e+03 6.309573e+03 0.000000e+00 0.000000e+00 0.000000e+00 0.000000e+00 7.392420e+05 2.464140e+05 1.642760e+05 1.161607e+05 0.000000e+00 0.000000e+00 0.000000e+00 0.000000e+00
6.309573e+03 7.943282e+03 0.000000e+00 0.000000e+00 0.000000e+00 0.000000e+00 0.000000e+00 0.000000e+00 0.000000e+00 0.000000e+00 0.000000e+00 0.000000e+00 0.000000e+00 0.000000e+00
7.943282e+03 1.000000e+04 0.000000e+00 0.000000e+00 0.000000e+00 0.000000e+00 0.000000e+00 0.000000e+00 0.000000e+00 0.000000e+00 0.000000e+00 0.000000e+00 0.000000e+00 0.000000e+00
