# Kling 2025 FASER neutrino flux, Powheg_pythia_charm_central.root, minus 160 urad crossing angle, through r < 100 mm of (x, y) = (0, 0) mm at z = 0 (the electronic-detector fiducial cylinder).
# Neutrinos per fb^-1 in each energy bin (NOT per GeV); err = MC statistical error, sqrt(sum w^2).  Written 2026-10-07 by tools/make_flux_fid_spectra.py.
# E_lo_GeV E_hi_GeV N_nue err_nue N_nuebar err_nuebar N_numu err_numu N_numubar err_numubar N_nutau err_nutau N_nutaubar err_nutaubar
1.000000e+01 1.258925e+01 0.000000e+00 0.000000e+00 0.000000e+00 0.000000e+00 4.535700e+05 3.209167e+05 2.205300e+05 2.205300e+05 0.000000e+00 0.000000e+00 0.000000e+00 0.000000e+00
1.258925e+01 1.584893e+01 0.000000e+00 0.000000e+00 5.501000e+05 3.184308e+05 1.759000e+05 1.759000e+05 0.000000e+00 0.000000e+00 1.307210e+05 9.245456e+04 0.000000e+00 0.000000e+00
1.584893e+01 1.995262e+01 3.191200e+05 2.260867e+05 1.368590e+06 4.575507e+05 1.425900e+05 1.425900e+05 1.509200e+05 1.509200e+05 1.167850e+05 8.278441e+04 1.653960e+05 9.558878e+04
1.995262e+01 2.511886e+01 1.175800e+05 1.175800e+05 1.183800e+05 1.183800e+05 3.355200e+05 1.938362e+05 4.781300e+05 2.394361e+05 1.369390e+05 7.918250e+04 1.340190e+05 7.757675e+04
2.511886e+01 3.162278e+01 5.726960e+05 2.344564e+05 4.586280e+05 2.056836e+05 3.656930e+05 1.829767e+05 7.525780e+05 2.663904e+05 2.546340e+05 9.655977e+04 2.844450e+05 1.007970e+05
3.162278e+01 3.981072e+01 8.937880e+05 2.582086e+05 1.051711e+06 2.816189e+05 1.094867e+06 2.935749e+05 1.010248e+06 2.703326e+05 2.822680e+05 8.945354e+04 4.534540e+05 1.136619e+05
3.981072e+01 5.011872e+01 1.716553e+06 3.194072e+05 1.250577e+06 2.734980e+05 1.659232e+06 3.199378e+05 1.529655e+06 3.065207e+05 4.015190e+05 9.482215e+04 3.271070e+05 8.469175e+04
5.011872e+01 6.309573e+01 1.653457e+06 2.799511e+05 1.731691e+06 2.891251e+05 2.018734e+06 3.122315e+05 1.600861e+06 2.792150e+05 3.931430e+05 8.401579e+04 4.446250e+05 8.910205e+04
6.309573e+01 7.943282e+01 3.065078e+06 3.412218e+05 2.552808e+06 3.149384e+05 2.419237e+06 3.054226e+05 2.477337e+06 3.055990e+05 7.540600e+05 1.037873e+05 7.508210e+05 1.033524e+05
7.943282e+01 1.000000e+02 3.876160e+06 3.433977e+05 3.673360e+06 3.347331e+05 3.488891e+06 3.260046e+05 3.591564e+06 3.315565e+05 6.859540e+05 8.800924e+04 8.605850e+05 9.891906e+04
1.000000e+02 1.258925e+02 3.930862e+06 3.084714e+05 5.286902e+06 3.564164e+05 4.322612e+06 3.236647e+05 4.718694e+06 3.369149e+05 1.195468e+06 1.035161e+05 1.016458e+06 9.622113e+04
1.258925e+02 1.584893e+02 5.511692e+06 3.244458e+05 6.056067e+06 3.397906e+05 6.106841e+06 3.415568e+05 5.494853e+06 3.244361e+05 1.454306e+06 1.023082e+05 1.074792e+06 8.767007e+04
1.584893e+02 1.995262e+02 7.157734e+06 3.302436e+05 7.187346e+06 3.301425e+05 6.680977e+06 3.187917e+05 7.221051e+06 3.306801e+05 1.429953e+06 8.991554e+04 1.182120e+06 8.176453e+04
1.995262e+02 2.511886e+02 8.881396e+06 3.272087e+05 9.363193e+06 3.360444e+05 7.954262e+06 3.096192e+05 8.498191e+06 3.208251e+05 1.451747e+06 8.081454e+04 1.385201e+06 7.896629e+04
2.511886e+02 3.162278e+02 1.083502e+07 3.226155e+05 9.890011e+06 3.085339e+05 1.136978e+07 3.306628e+05 1.051771e+07 3.181949e+05 1.747242e+06 7.935249e+04 1.368109e+06 7.024549e+04
3.162278e+02 3.981072e+02 1.259487e+07 3.101512e+05 1.182352e+07 2.999110e+05 1.240840e+07 3.074673e+05 1.197989e+07 3.023508e+05 1.383270e+06 6.295703e+04 1.229229e+06 5.941367e+04
3.981072e+02 5.011872e+02 1.395775e+07 2.902583e+05 1.198730e+07 2.692426e+05 1.383363e+07 2.895972e+05 1.312454e+07 2.825648e+05 1.440999e+06 5.712923e+04 1.336642e+06 5.491737e+04
5.011872e+02 6.309573e+02 1.375229e+07 2.574836e+05 1.194867e+07 2.403603e+05 1.402706e+07 2.598291e+05 1.206521e+07 2.415380e+05 1.103730e+06 4.493379e+04 1.337861e+06 4.922240e+04
6.309573e+02 7.943282e+02 1.545035e+07 2.434460e+05 1.204525e+07 2.151582e+05 1.430437e+07 2.345209e+05 1.150232e+07 2.104293e+05 7.635520e+05 3.305093e+04 8.843316e+05 3.556369e+04
7.943282e+02 1.000000e+03 1.511029e+07 2.148519e+05 1.055788e+07 1.793902e+05 1.386584e+07 2.059905e+05 1.015308e+07 1.761770e+05 6.755940e+05 2.773655e+04 8.857002e+05 3.172068e+04
1.000000e+03 1.258925e+03 1.485782e+07 1.899183e+05 9.122836e+06 1.491075e+05 1.304940e+07 1.780670e+05 9.164843e+06 1.494454e+05 6.923525e+05 2.503833e+04 8.011845e+05 2.697322e+04
1.258925e+03 1.584893e+03 1.111829e+07 1.465698e+05 7.192055e+06 1.181505e+05 1.088306e+07 1.448733e+05 6.815116e+06 1.148179e+05 4.577808e+05 1.816380e+04 6.119070e+05 2.102144e+04
1.584893e+03 1.995262e+03 7.637415e+06 1.084039e+05 4.633515e+06 8.444735e+04 7.718359e+06 1.090024e+05 5.118006e+06 8.866073e+04 4.084970e+05 1.533043e+04 3.732643e+05 1.463985e+04
1.995262e+03 2.511886e+03 5.494042e+06 8.209107e+04 2.935596e+06 5.983380e+04 5.174127e+06 7.976871e+04 2.564246e+06 5.606635e+04 2.612379e+05 1.095480e+04 1.898318e+05 9.349759e+03
2.511886e+03 3.162278e+03 2.048191e+06 4.486449e+04 1.587150e+06 3.944668e+04 2.303869e+06 4.776614e+04 1.837784e+06 4.239734e+04 9.783125e+04 6.063464e+03 2.792489e+04 3.229013e+03
3.162278e+03 3.981072e+03 7.141137e+05 2.379362e+04 5.495018e+05 2.071310e+04 5.317818e+05 2.059095e+04 5.022928e+05 2.010902e+04 2.983410e+03 9.436101e+02 3.518680e+03 1.060922e+03
3.981072e+03 5.011872e+03 2.344886e+04 3.856919e+03 7.785665e+04 6.997360e+03 3.352461e+04 4.695819e+03 7.026423e+04 6.672175e+03 0.000000e+00 0.000000e+00 0.000000e+00 0.000000e+00
5.011872e+03 6.309573e+03 0.000000e+00 0.000000e+00 0.000000e+00 0.000000e+00 0.000000e+00 0.000000e+00 0.000000e+00 0.000000e+00 0.000000e+00 0.000000e+00 0.000000e+00 0.000000e+00
6.309573e+03 7.943282e+03 0.000000e+00 0.000000e+00 0.000000e+00 0.000000e+00 0.000000e+00 0.000000e+00 0.000000e+00 0.000000e+00 0.000000e+00 0.000000e+00 0.000000e+00 0.000000e+00
7.943282e+03 1.000000e+04 0.000000e+00 0.000000e+00 0.000000e+00 0.000000e+00 0.000000e+00 0.000000e+00 0.000000e+00 0.000000e+00 0.000000e+00 0.000000e+00 0.000000e+00 0.000000e+00
