# Kling 2025 FASER neutrino flux, Powheg_pythia_charm_min.root, minus 160 urad crossing angle, through r < 100 mm of (x, y) = (0, 0) mm at z = 0 (the electronic-detector fiducial cylinder).
# Neutrinos per fb^-1 in each energy bin (NOT per GeV); err = MC statistical error, sqrt(sum w^2).  Written 2026-10-07 by tools/make_flux_fid_spectra.py.
# E_lo_GeV E_hi_GeV N_nue err_nue N_nuebar err_nuebar N_numu err_numu N_numubar err_numubar N_nutau err_nutau N_nutaubar err_nutaubar
1.000000e+01 1.258925e+01 4.005200e+05 2.313418e+05 2.442900e+05 1.728269e+05 0.000000e+00 0.000000e+00 1.160500e+05 1.160500e+05 0.000000e+00 0.000000e+00 3.938900e+04 3.938900e+04
1.258925e+01 1.584893e+01 2.083290e+05 1.476857e+05 4.076710e+05 2.042219e+05 3.124300e+05 1.804463e+05 9.054200e+04 9.054200e+04 0.000000e+00 0.000000e+00 3.715400e+04 3.715400e+04
1.584893e+01 1.995262e+01 2.220540e+05 1.282048e+05 2.641510e+05 1.525185e+05 4.572620e+05 1.867867e+05 7.298800e+04 7.298800e+04 2.664700e+04 2.664700e+04 3.091100e+04 3.091100e+04
1.995262e+01 2.511886e+01 6.837540e+05 2.066342e+05 3.088240e+05 1.384127e+05 3.738770e+05 1.531012e+05 3.844650e+05 1.572281e+05 6.914100e+04 3.992598e+04 1.196150e+05 5.350816e+04
2.511886e+01 3.162278e+01 5.351810e+05 1.616540e+05 1.079490e+05 7.636337e+04 2.004110e+05 1.004532e+05 6.561780e+05 1.826489e+05 1.777870e+05 5.631618e+04 1.603410e+05 5.354774e+04
3.162278e+01 3.981072e+01 5.628300e+05 1.506149e+05 6.847150e+05 1.662178e+05 6.548710e+05 1.590451e+05 4.556300e+05 1.316988e+05 1.135320e+05 4.028004e+04 8.172400e+04 3.339817e+04
3.981072e+01 5.011872e+01 7.061880e+05 1.508956e+05 6.604510e+05 1.444671e+05 9.820830e+05 1.767153e+05 7.308420e+05 1.526316e+05 1.864866e+05 4.533231e+04 1.248170e+05 3.771540e+04
5.011872e+01 6.309573e+01 1.271669e+06 1.802465e+05 1.219212e+06 1.763940e+05 1.158537e+06 1.693789e+05 1.391249e+06 1.879742e+05 2.791121e+05 4.943413e+04 2.495646e+05 4.641920e+04
6.309573e+01 7.943282e+01 1.569108e+06 1.780375e+05 1.556599e+06 1.754759e+05 1.326096e+06 1.636525e+05 1.437064e+06 1.685198e+05 3.116028e+05 4.655655e+04 2.845854e+05 4.455260e+04
7.943282e+01 1.000000e+02 1.865481e+06 1.728299e+05 1.995245e+06 1.781185e+05 1.752880e+06 1.659589e+05 1.665951e+06 1.629182e+05 4.028054e+05 4.722189e+04 4.713826e+05 5.124726e+04
1.000000e+02 1.258925e+02 2.485839e+06 1.770355e+05 2.439902e+06 1.755349e+05 2.681598e+06 1.850724e+05 1.979066e+06 1.587763e+05 5.588622e+05 4.931682e+04 4.984603e+05 4.657852e+04
1.258925e+02 1.584893e+02 3.630350e+06 1.910070e+05 3.418561e+06 1.844217e+05 3.341284e+06 1.837789e+05 2.944258e+06 1.726807e+05 6.746527e+05 4.854608e+04 5.324701e+05 4.342660e+04
1.584893e+02 1.995262e+02 4.312123e+06 1.848229e+05 4.048176e+06 1.792870e+05 4.005128e+06 1.782659e+05 4.196784e+06 1.826889e+05 6.580210e+05 4.221514e+04 6.518853e+05 4.252490e+04
1.995262e+02 2.511886e+02 5.125411e+06 1.800535e+05 5.303642e+06 1.837095e+05 4.813765e+06 1.745321e+05 4.705460e+06 1.721019e+05 8.829675e+05 4.386175e+04 6.337679e+05 3.710796e+04
2.511886e+02 3.162278e+02 5.967196e+06 1.732437e+05 5.843899e+06 1.716859e+05 5.849787e+06 1.712309e+05 5.564263e+06 1.672176e+05 7.932377e+05 3.727550e+04 6.875468e+05 3.461897e+04
3.162278e+02 3.981072e+02 7.146088e+06 1.690463e+05 5.973411e+06 1.543541e+05 7.246916e+06 1.701934e+05 6.144632e+06 1.567593e+05 7.461678e+05 3.221998e+04 6.716209e+05 3.062571e+04
3.981072e+02 5.011872e+02 7.580843e+06 1.554447e+05 7.041274e+06 1.496716e+05 7.791471e+06 1.572454e+05 6.641560e+06 1.456376e+05 7.198266e+05 2.814526e+04 5.879423e+05 2.543244e+04
5.011872e+02 6.309573e+02 8.890683e+06 1.499461e+05 6.752963e+06 1.307739e+05 8.779124e+06 1.491630e+05 6.876425e+06 1.317206e+05 5.788111e+05 2.253377e+04 5.006846e+05 2.096314e+04
6.309573e+02 7.943282e+02 8.609797e+06 1.314224e+05 6.564089e+06 1.149353e+05 8.040609e+06 1.272553e+05 6.836759e+06 1.173797e+05 5.026160e+05 1.873719e+04 4.102628e+05 1.687337e+04
7.943282e+02 1.000000e+03 7.879643e+06 1.122490e+05 5.498203e+06 9.392853e+04 7.873331e+06 1.120756e+05 5.593792e+06 9.476480e+04 3.289189e+05 1.351373e+04 4.548962e+05 1.586446e+04
1.000000e+03 1.258925e+03 7.114213e+06 9.510069e+04 4.544989e+06 7.608719e+04 6.768166e+06 9.282829e+04 4.553620e+06 7.632219e+04 2.770380e+05 1.105438e+04 4.498990e+05 1.407688e+04
1.258925e+03 1.584893e+03 5.528695e+06 7.472588e+04 3.184560e+06 5.695667e+04 5.680971e+06 7.579732e+04 3.041804e+06 5.552621e+04 1.915851e+05 8.178715e+03 2.910101e+05 1.010020e+04
1.584893e+03 1.995262e+03 4.060273e+06 5.717562e+04 1.818204e+06 3.824523e+04 4.019295e+06 5.691076e+04 2.058641e+06 4.077313e+04 1.016452e+05 5.337935e+03 2.686961e+05 8.642277e+03
1.995262e+03 2.511886e+03 2.646553e+06 4.117584e+04 1.101651e+06 2.673632e+04 2.910149e+06 4.334519e+04 9.519138e+05 2.476728e+04 1.309148e+04 1.708620e+03 1.587423e+05 5.924798e+03
2.511886e+03 3.162278e+03 1.619528e+06 2.891874e+04 2.488577e+05 1.141503e+04 1.388713e+06 2.673702e+04 2.658184e+05 1.178830e+04 0.000000e+00 0.000000e+00 8.970981e+04 3.996772e+03
3.162278e+03 3.981072e+03 4.360885e+05 1.340912e+04 6.195330e+04 5.083703e+03 3.394937e+05 1.186199e+04 0.000000e+00 0.000000e+00 0.000000e+00 0.000000e+00 3.830198e+04 2.352329e+03
3.981072e+03 5.011872e+03 1.290126e+04 2.121510e+03 0.000000e+00 0.000000e+00 1.031149e+04 1.883054e+03 0.000000e+00 0.000000e+00 0.000000e+00 0.000000e+00 3.556800e+03 6.604939e+02
5.011872e+03 6.309573e+03 0.000000e+00 0.000000e+00 0.000000e+00 0.000000e+00 0.000000e+00 0.000000e+00 0.000000e+00 0.000000e+00 0.000000e+00 0.000000e+00 0.000000e+00 0.000000e+00
6.309573e+03 7.943282e+03 0.000000e+00 0.000000e+00 0.000000e+00 0.000000e+00 0.000000e+00 0.000000e+00 0.000000e+00 0.000000e+00 0.000000e+00 0.000000e+00 0.000000e+00 0.000000e+00
7.943282e+03 1.000000e+04 0.000000e+00 0.000000e+00 0.000000e+00 0.000000e+00 0.000000e+00 0.000000e+00 0.000000e+00 0.000000e+00 0.000000e+00 0.000000e+00 0.000000e+00 0.000000e+00
