# Kling 2025 FASER neutrino flux, Powheg_pythia_charm_central.root, minus 160 urad crossing angle, through x in [-115,135] mm, y in [-171,129] mm at z = 0 (480 m from the ATLAS IP).
# Neutrinos per fb^-1 in each energy bin (NOT per GeV); err = MC statistical error, sqrt(sum w^2).
# E_lo_GeV E_hi_GeV N_nue err_nue N_nuebar err_nuebar N_numu err_numu N_numubar err_numubar N_nutau err_nutau N_nutaubar err_nutaubar
1.000000e+01 1.258925e+01 0.000000e+00 0.000000e+00 2.167200e+05 2.167200e+05 7.182100e+05 4.159590e+05 4.362500e+05 3.084941e+05 9.237100e+04 9.237100e+04 0.000000e+00 0.000000e+00
1.258925e+01 1.584893e+01 0.000000e+00 0.000000e+00 7.474200e+05 3.746109e+05 3.475200e+05 2.457524e+05 4.124900e+05 2.918300e+05 1.947170e+05 1.124426e+05 0.000000e+00 0.000000e+00
1.584893e+01 1.995262e+01 1.221600e+06 4.327557e+05 1.838590e+06 5.325013e+05 1.068010e+06 4.042811e+05 7.370100e+05 3.305922e+05 1.167850e+05 8.278441e+04 1.653960e+05 9.558878e+04
1.995262e+01 2.511886e+01 7.247100e+05 2.969566e+05 5.958100e+05 2.666954e+05 1.181990e+06 3.745185e+05 1.473760e+06 4.265080e+05 1.871220e+05 9.374541e+04 4.463230e+05 1.414172e+05
2.511886e+01 3.162278e+01 1.423042e+06 3.686976e+05 1.025704e+06 3.099074e+05 9.531440e+05 3.019380e+05 1.631465e+06 3.965237e+05 5.427520e+05 1.404961e+05 5.005200e+05 1.340141e+05
3.162278e+01 3.981072e+01 2.739387e+06 4.572797e+05 2.182792e+06 4.061017e+05 2.408908e+06 4.269839e+05 3.021704e+06 4.727471e+05 8.445630e+05 1.545193e+05 7.369000e+05 1.449063e+05
3.981072e+01 5.011872e+01 4.134699e+06 4.987597e+05 3.818713e+06 4.784754e+05 3.498835e+06 4.605170e+05 4.078211e+06 4.954006e+05 1.044576e+06 1.526623e+05 8.780760e+05 1.409484e+05
5.011872e+01 6.309573e+01 4.064254e+06 4.415341e+05 4.331256e+06 4.575483e+05 4.611036e+06 4.717362e+05 3.760640e+06 4.239372e+05 1.148983e+06 1.439565e+05 1.094209e+06 1.403549e+05
6.309573e+01 7.943282e+01 6.626620e+06 5.036127e+05 7.270514e+06 5.300447e+05 6.522781e+06 4.971989e+05 5.858449e+06 4.717026e+05 1.562520e+06 1.493162e+05 1.634168e+06 1.520119e+05
7.943282e+01 1.000000e+02 8.897926e+06 5.184341e+05 8.495163e+06 5.070917e+05 8.239305e+06 5.005956e+05 7.960268e+06 4.939151e+05 1.803205e+06 1.424003e+05 1.922993e+06 1.473914e+05
1.000000e+02 1.258925e+02 9.565835e+06 4.799063e+05 1.209579e+07 5.394210e+05 1.030495e+07 5.003462e+05 1.039101e+07 4.998819e+05 2.678559e+06 1.547545e+05 2.383719e+06 1.467552e+05
1.258925e+02 1.584893e+02 1.379598e+07 5.139144e+05 1.412733e+07 5.197208e+05 1.398721e+07 5.170671e+05 1.397753e+07 5.173783e+05 3.498190e+06 1.585348e+05 2.842880e+06 1.424486e+05
1.584893e+02 1.995262e+02 1.763653e+07 5.178914e+05 1.733341e+07 5.128992e+05 1.616875e+07 4.963210e+05 1.651923e+07 5.009844e+05 3.448907e+06 1.400869e+05 2.781428e+06 1.259330e+05
1.995262e+02 2.511886e+02 2.154976e+07 5.097519e+05 2.147744e+07 5.093533e+05 2.021620e+07 4.938864e+05 1.998304e+07 4.914066e+05 3.553446e+06 1.263766e+05 3.115318e+06 1.186157e+05
2.511886e+02 3.162278e+02 2.654489e+07 5.049386e+05 2.509639e+07 4.913198e+05 2.681526e+07 5.075421e+05 2.565713e+07 4.966731e+05 3.862282e+06 1.181623e+05 3.446962e+06 1.113736e+05
3.162278e+02 3.981072e+02 2.964154e+07 4.754159e+05 2.802157e+07 4.618766e+05 2.970754e+07 4.764456e+05 2.864653e+07 4.679712e+05 3.388003e+06 9.847634e+04 3.067233e+06 9.388528e+04
3.981072e+02 5.011872e+02 3.340378e+07 4.495853e+05 2.909689e+07 4.201091e+05 3.250002e+07 4.438085e+05 3.003477e+07 4.270612e+05 3.247795e+06 8.580160e+04 3.020797e+06 8.264142e+04
5.011872e+02 6.309573e+02 3.355830e+07 4.024795e+05 2.929438e+07 3.761688e+05 3.352803e+07 4.020953e+05 2.911848e+07 3.748155e+05 2.482066e+06 6.725200e+04 3.107179e+06 7.501606e+04
6.309573e+02 7.943282e+02 3.691492e+07 3.763181e+05 2.631805e+07 3.179631e+05 3.395749e+07 3.611701e+05 2.630608e+07 3.176768e+05 1.884790e+06 5.195662e+04 2.192189e+06 5.604006e+04
7.943282e+02 1.000000e+03 3.512340e+07 3.275714e+05 2.569392e+07 2.801072e+05 3.160228e+07 3.109355e+05 2.276506e+07 2.637081e+05 1.642994e+06 4.322996e+04 2.054514e+06 4.838516e+04
1.000000e+03 1.258925e+03 3.472402e+07 2.904088e+05 2.102814e+07 2.261543e+05 3.034306e+07 2.716117e+05 2.112314e+07 2.267386e+05 1.567518e+06 3.769396e+04 1.907823e+06 4.161984e+04
1.258925e+03 1.584893e+03 2.563887e+07 2.227158e+05 1.727242e+07 1.831542e+05 2.419952e+07 2.162411e+05 1.599722e+07 1.760742e+05 1.112525e+06 2.834821e+04 1.357421e+06 3.131329e+04
1.584893e+03 1.995262e+03 1.746692e+07 1.640614e+05 1.016683e+07 1.254016e+05 1.703760e+07 1.619259e+05 1.120220e+07 1.311796e+05 9.059043e+05 2.284452e+04 8.714535e+05 2.235186e+04
1.995262e+03 2.511886e+03 1.123184e+07 1.174652e+05 6.491987e+06 8.904879e+04 1.137919e+07 1.183373e+05 5.749735e+06 8.389788e+04 5.595296e+05 1.606381e+04 4.361795e+05 1.417293e+04
2.511886e+03 3.162278e+03 4.201758e+06 6.428727e+04 3.034438e+06 5.464267e+04 4.536353e+06 6.685110e+04 3.893935e+06 6.198337e+04 2.009746e+05 8.683218e+03 7.812753e+04 5.398981e+03
3.162278e+03 3.981072e+03 1.315417e+06 3.240896e+04 1.222192e+06 3.095473e+04 1.106060e+06 2.970102e+04 1.126542e+06 2.996455e+04 7.925500e+03 1.554738e+03 3.518680e+03 1.060922e+03
3.981072e+03 5.011872e+03 4.947682e+04 5.603986e+03 1.054996e+05 8.125875e+03 7.167459e+04 6.900090e+03 2.420396e+05 1.225170e+04 0.000000e+00 0.000000e+00 0.000000e+00 0.000000e+00
5.011872e+03 6.309573e+03 0.000000e+00 0.000000e+00 2.338200e+04 3.485583e+03 0.000000e+00 0.000000e+00 0.000000e+00 0.000000e+00 0.000000e+00 0.000000e+00 0.000000e+00 0.000000e+00
6.309573e+03 7.943282e+03 0.000000e+00 0.000000e+00 0.000000e+00 0.000000e+00 0.000000e+00 0.000000e+00 0.000000e+00 0.000000e+00 0.000000e+00 0.000000e+00 0.000000e+00 0.000000e+00
7.943282e+03 1.000000e+04 0.000000e+00 0.000000e+00 0.000000e+00 0.000000e+00 0.000000e+00 0.000000e+00 0.000000e+00 0.000000e+00 0.000000e+00 0.000000e+00 0.000000e+00 0.000000e+00
