# Kling 2025 FASER neutrino flux, Powheg_pythia_charm_max.root, minus 160 urad crossing angle, through x in [-115,135] mm, y in [-171,129] mm at z = 0 (480 m from the ATLAS IP).
# Neutrinos per fb^-1 in each energy bin (NOT per GeV); err = MC statistical error, sqrt(sum w^2).
# E_lo_GeV E_hi_GeV N_nue err_nue N_nuebar err_nuebar N_numu err_numu N_numubar err_numubar N_nutau err_nutau N_nutaubar err_nutaubar
1.000000e+01 1.258925e+01 0.000000e+00 0.000000e+00 1.319540e+06 9.349560e+05 1.325620e+06 9.373625e+05 0.000000e+00 0.000000e+00 6.144100e+05 3.554462e+05 0.000000e+00 0.000000e+00
1.258925e+01 1.584893e+01 4.638100e+05 4.638100e+05 1.009400e+06 7.137536e+05 1.436460e+06 8.303531e+05 5.055500e+05 5.055500e+05 6.854700e+05 3.438626e+05 1.546600e+05 1.546600e+05
1.584893e+01 1.995262e+01 1.179210e+06 6.822822e+05 7.959300e+05 5.631905e+05 1.261170e+06 7.281385e+05 8.448300e+05 5.984124e+05 5.200600e+05 2.607510e+05 4.023400e+05 2.332012e+05
1.995262e+01 2.511886e+01 3.717790e+06 1.074704e+06 1.585680e+06 7.109301e+05 2.543800e+06 9.014825e+05 1.231940e+06 6.166782e+05 5.215940e+05 2.335482e+05 6.349010e+05 2.599384e+05
2.511886e+01 3.162278e+01 3.131650e+06 9.072417e+05 4.673950e+06 1.074806e+06 4.933280e+06 1.134601e+06 3.812810e+06 9.871408e+05 8.243040e+05 2.613526e+05 9.065700e+05 2.741485e+05
3.162278e+01 3.981072e+01 6.977240e+06 1.181706e+06 5.703170e+06 1.080171e+06 3.770130e+06 8.660468e+05 9.589500e+06 1.387415e+06 1.798102e+06 3.467957e+05 1.330875e+06 2.982832e+05
3.981072e+01 5.011872e+01 8.640370e+06 1.178707e+06 1.039353e+07 1.282351e+06 8.165450e+06 1.134879e+06 7.765010e+06 1.110836e+06 2.474084e+06 3.578001e+05 2.077833e+06 3.250764e+05
5.011872e+01 6.309573e+01 1.271326e+07 1.267673e+06 1.445952e+07 1.345357e+06 1.630154e+07 1.438440e+06 1.131871e+07 1.195793e+06 3.230152e+06 3.665191e+05 3.042437e+06 3.544660e+05
6.309573e+01 7.943282e+01 1.719817e+07 1.314326e+06 1.670272e+07 1.302796e+06 1.461197e+07 1.211776e+06 1.581602e+07 1.256980e+06 3.799602e+06 3.534772e+05 3.665317e+06 3.470555e+05
7.943282e+01 1.000000e+02 2.102021e+07 1.298870e+06 1.916499e+07 1.239765e+06 2.210816e+07 1.329105e+06 2.024370e+07 1.272807e+06 4.672292e+06 3.479305e+05 4.535942e+06 3.445999e+05
1.000000e+02 1.258925e+02 3.079246e+07 1.402698e+06 2.974707e+07 1.373967e+06 2.516373e+07 1.268643e+06 2.460235e+07 1.251867e+06 4.961621e+06 3.208878e+05 5.944755e+06 3.504508e+05
1.258925e+02 1.584893e+02 3.640289e+07 1.356028e+06 3.460284e+07 1.321898e+06 3.702148e+07 1.365748e+06 3.484791e+07 1.325864e+06 7.576064e+06 3.535483e+05 6.421503e+06 3.250502e+05
1.584893e+02 1.995262e+02 4.334409e+07 1.318794e+06 4.768885e+07 1.382621e+06 4.720661e+07 1.375385e+06 4.549819e+07 1.352737e+06 8.023671e+06 3.247478e+05 6.651724e+06 2.954748e+05
1.995262e+02 2.511886e+02 6.106368e+07 1.393691e+06 5.557179e+07 1.331933e+06 5.734205e+07 1.353901e+06 5.306235e+07 1.303158e+06 7.785964e+06 2.859005e+05 7.727948e+06 2.839446e+05
2.511886e+02 3.162278e+02 7.125887e+07 1.343429e+06 6.747916e+07 1.307506e+06 6.691267e+07 1.303640e+06 6.314334e+07 1.264077e+06 9.080198e+06 2.742672e+05 9.045464e+06 2.752481e+05
3.162278e+02 3.981072e+02 7.918823e+07 1.263297e+06 7.681912e+07 1.243392e+06 7.828103e+07 1.258038e+06 7.403695e+07 1.223299e+06 7.888808e+06 2.287136e+05 8.268780e+06 2.334508e+05
3.981072e+02 5.011872e+02 8.580544e+07 1.173499e+06 8.756200e+07 1.185910e+06 8.582524e+07 1.171655e+06 7.540895e+07 1.098749e+06 6.979536e+06 1.915727e+05 7.661559e+06 2.006659e+05
5.011872e+02 6.309573e+02 9.590572e+07 1.105545e+06 8.853070e+07 1.061962e+06 9.695151e+07 1.109938e+06 8.207171e+07 1.023379e+06 4.822366e+06 1.422795e+05 5.085248e+06 1.454369e+05
6.309573e+02 7.943282e+02 1.003604e+08 1.008688e+06 8.358358e+07 9.201466e+05 9.823144e+07 9.974728e+05 8.658198e+07 9.375830e+05 4.138571e+06 1.168466e+05 5.110828e+06 1.299740e+05
7.943282e+02 1.000000e+03 9.496608e+07 8.745393e+05 8.122649e+07 8.093712e+05 9.256094e+07 8.638307e+05 8.086086e+07 8.075839e+05 4.577634e+06 1.098632e+05 4.662272e+06 1.107854e+05
1.000000e+03 1.258925e+03 7.178343e+07 6.783643e+05 6.549540e+07 6.488690e+05 7.669667e+07 7.005460e+05 6.789746e+07 6.615903e+05 4.462058e+06 9.668384e+04 3.999252e+06 9.158008e+04
1.258925e+03 1.584893e+03 5.984702e+07 5.521833e+05 4.025383e+07 4.542553e+05 5.699540e+07 5.401390e+05 4.313960e+07 4.693197e+05 3.546940e+06 7.679421e+04 2.978681e+06 7.055674e+04
1.584893e+03 1.995262e+03 3.835018e+07 3.950126e+05 2.696154e+07 3.316308e+05 3.872920e+07 3.969966e+05 2.528562e+07 3.212151e+05 2.129110e+06 5.329363e+04 1.815698e+06 4.907385e+04
1.995262e+03 2.511886e+03 2.400184e+07 2.786633e+05 1.011516e+07 1.810863e+05 2.483808e+07 2.834444e+05 1.077481e+07 1.867817e+05 5.722398e+05 2.481489e+04 6.843481e+05 2.699617e+04
2.511886e+03 3.162278e+03 1.227473e+07 1.776495e+05 4.614931e+06 1.094476e+05 1.069165e+07 1.669280e+05 4.443116e+06 1.071835e+05 0.000000e+00 0.000000e+00 7.628873e+04 8.144352e+03
3.162278e+03 3.981072e+03 4.520121e+06 9.690512e+04 1.200166e+06 4.974906e+04 2.996100e+06 7.931850e+04 1.810099e+05 1.933974e+04 0.000000e+00 0.000000e+00 0.000000e+00 0.000000e+00
3.981072e+03 5.011872e+03 7.565519e+05 3.591718e+04 4.639814e+05 2.765456e+04 4.364004e+05 2.709437e+04 1.173692e+05 1.413883e+04 0.000000e+00 0.000000e+00 0.000000e+00 0.000000e+00
5.011872e+03 6.309573e+03 0.000000e+00 0.000000e+00 0.000000e+00 0.000000e+00 0.000000e+00 0.000000e+00 0.000000e+00 0.000000e+00 0.000000e+00 0.000000e+00 0.000000e+00 0.000000e+00
6.309573e+03 7.943282e+03 0.000000e+00 0.000000e+00 0.000000e+00 0.000000e+00 0.000000e+00 0.000000e+00 0.000000e+00 0.000000e+00 0.000000e+00 0.000000e+00 0.000000e+00 0.000000e+00
7.943282e+03 1.000000e+04 0.000000e+00 0.000000e+00 0.000000e+00 0.000000e+00 0.000000e+00 0.000000e+00 0.000000e+00 0.000000e+00 0.000000e+00 0.000000e+00 0.000000e+00 0.000000e+00
