# Kling 2025 FASER neutrino flux, Powheg_pythia_charm_max.root, minus 160 urad crossing angle, through r < 100 mm of (x, y) = (0, 0) mm at z = 0 (the electronic-detector fiducial cylinder).
# Neutrinos per fb^-1 in each energy bin (NOT per GeV); err = MC statistical error, sqrt(sum w^2).  Written 2026-10-07 by tools/make_flux_fid_spectra.py.
# E_lo_GeV E_hi_GeV N_nue err_nue N_nuebar err_nuebar N_numu err_numu N_numubar err_numubar N_nutau err_nutau N_nutaubar err_nutaubar
1.000000e+01 1.258925e+01 0.000000e+00 0.000000e+00 0.000000e+00 0.000000e+00 1.325620e+06 9.373625e+05 0.000000e+00 0.000000e+00 0.000000e+00 0.000000e+00 0.000000e+00 0.000000e+00
1.258925e+01 1.584893e+01 0.000000e+00 0.000000e+00 1.009400e+06 7.137536e+05 4.641400e+05 4.641400e+05 0.000000e+00 0.000000e+00 0.000000e+00 0.000000e+00 1.546600e+05 1.546600e+05
1.584893e+01 1.995262e+01 3.983600e+05 3.983600e+05 7.959300e+05 5.631905e+05 1.261170e+06 7.281385e+05 4.472000e+05 4.472000e+05 3.767900e+05 2.178641e+05 2.848700e+05 2.014537e+05
1.995262e+01 2.511886e+01 9.194500e+05 5.320968e+05 6.570300e+05 4.654691e+05 1.637350e+06 7.339293e+05 0.000000e+00 0.000000e+00 2.043340e+05 1.446422e+05 3.353600e+05 1.937098e+05
2.511886e+01 3.162278e+01 1.117280e+06 5.587378e+05 1.269160e+06 5.683135e+05 2.852760e+06 8.626171e+05 1.211010e+06 5.431729e+05 5.961410e+05 2.257194e+05 4.119610e+05 1.849019e+05
3.162278e+01 3.981072e+01 3.964520e+06 8.880447e+05 1.435680e+06 5.446478e+05 1.733650e+06 5.782584e+05 4.996650e+06 1.001859e+06 8.070340e+05 2.333558e+05 6.009460e+05 2.004897e+05
3.981072e+01 5.011872e+01 4.785530e+06 8.764645e+05 5.187940e+06 9.052303e+05 2.268070e+06 6.075164e+05 3.498590e+06 7.470497e+05 1.111473e+06 2.373401e+05 5.426310e+05 1.639033e+05
5.011872e+01 6.309573e+01 4.962200e+06 7.857945e+05 5.474560e+06 8.272762e+05 7.319950e+06 9.632986e+05 5.725960e+06 8.462919e+05 1.219111e+06 2.268723e+05 1.137880e+06 2.154985e+05
6.309573e+01 7.943282e+01 7.434537e+06 8.662528e+05 6.487491e+06 8.124021e+05 5.496434e+06 7.426856e+05 6.103666e+06 7.830576e+05 1.495788e+06 2.208676e+05 1.762345e+06 2.403258e+05
7.943282e+01 1.000000e+02 9.166911e+06 8.603391e+05 8.540710e+06 8.272173e+05 1.005746e+07 8.982484e+05 7.000798e+06 7.524754e+05 2.036001e+06 2.295380e+05 1.980852e+06 2.277652e+05
1.000000e+02 1.258925e+02 1.279657e+07 9.044210e+05 1.198058e+07 8.758149e+05 1.119379e+07 8.476201e+05 1.071293e+07 8.284051e+05 2.213366e+06 2.153824e+05 2.687768e+06 2.353207e+05
1.258925e+02 1.584893e+02 1.511211e+07 8.732509e+05 1.464768e+07 8.620301e+05 1.651756e+07 9.124641e+05 1.498495e+07 8.730443e+05 3.080891e+06 2.250848e+05 2.786050e+06 2.135553e+05
1.584893e+02 1.995262e+02 1.758782e+07 8.422093e+05 1.928703e+07 8.794054e+05 1.857600e+07 8.623296e+05 1.936114e+07 8.846178e+05 3.399259e+06 2.116529e+05 2.824482e+06 1.925787e+05
1.995262e+02 2.511886e+02 2.421095e+07 8.772820e+05 2.270086e+07 8.509159e+05 2.364489e+07 8.688271e+05 2.249615e+07 8.497404e+05 3.136710e+06 1.809242e+05 3.231735e+06 1.833661e+05
2.511886e+02 3.162278e+02 2.771046e+07 8.367001e+05 2.918927e+07 8.581087e+05 2.795193e+07 8.419981e+05 2.736517e+07 8.307159e+05 3.611497e+06 1.729401e+05 3.565692e+06 1.725373e+05
3.162278e+02 3.981072e+02 3.372749e+07 8.233128e+05 3.227690e+07 8.052069e+05 3.093028e+07 7.902536e+05 3.109081e+07 7.922953e+05 3.064869e+06 1.425891e+05 3.483505e+06 1.514988e+05
3.981072e+02 5.011872e+02 3.450742e+07 7.436475e+05 3.542402e+07 7.549506e+05 3.479150e+07 7.451661e+05 3.095485e+07 7.026566e+05 3.401429e+06 1.336983e+05 3.436850e+06 1.342580e+05
5.011872e+02 6.309573e+02 4.083648e+07 7.206953e+05 3.868543e+07 7.019416e+05 3.984370e+07 7.117185e+05 3.525859e+07 6.710761e+05 1.976323e+06 9.098440e+04 1.877084e+06 8.849289e+04
6.309573e+02 7.943282e+02 4.340160e+07 6.636022e+05 3.592466e+07 6.033640e+05 4.061559e+07 6.413222e+05 3.624057e+07 6.064714e+05 1.704416e+06 7.484333e+04 2.018521e+06 8.177026e+04
7.943282e+02 1.000000e+03 3.943436e+07 5.640747e+05 3.612446e+07 5.391161e+05 3.876436e+07 5.590944e+05 3.437889e+07 5.255488e+05 1.822470e+06 6.938205e+04 1.968093e+06 7.197521e+04
1.000000e+03 1.258925e+03 3.149207e+07 4.488331e+05 2.893102e+07 4.297429e+05 3.381512e+07 4.654632e+05 2.880767e+07 4.313134e+05 1.871477e+06 6.255102e+04 1.792114e+06 6.130571e+04
1.258925e+03 1.584893e+03 2.589260e+07 3.627764e+05 1.807016e+07 3.036254e+05 2.523744e+07 3.598749e+05 1.701100e+07 2.947827e+05 1.562259e+06 5.101122e+04 1.325405e+06 4.711473e+04
1.584893e+03 1.995262e+03 1.759350e+07 2.673365e+05 1.219165e+07 2.230511e+05 1.774087e+07 2.686017e+05 1.078427e+07 2.103666e+05 9.666448e+05 3.592852e+04 8.855034e+05 3.426005e+04
1.995262e+03 2.511886e+03 1.141974e+07 1.925057e+05 4.360577e+06 1.186094e+05 1.149358e+07 1.924932e+05 5.573885e+06 1.339827e+05 2.325381e+05 1.578420e+04 3.159893e+05 1.833948e+04
2.511886e+03 3.162278e+03 6.322543e+06 1.276033e+05 2.567211e+06 8.168709e+04 5.198934e+06 1.163568e+05 2.175014e+06 7.505092e+04 0.000000e+00 0.000000e+00 2.684873e+04 4.824888e+03
3.162278e+03 3.981072e+03 2.546074e+06 7.240301e+04 5.821902e+05 3.459458e+04 1.690267e+06 5.940132e+04 4.848390e+04 9.930939e+03 0.000000e+00 0.000000e+00 0.000000e+00 0.000000e+00
3.981072e+03 5.011872e+03 4.536643e+05 2.771889e+04 3.638685e+05 2.432711e+04 3.444247e+05 2.396776e+04 2.961360e+04 6.984098e+03 0.000000e+00 0.000000e+00 0.000000e+00 0.000000e+00
5.011872e+03 6.309573e+03 0.000000e+00 0.000000e+00 0.000000e+00 0.000000e+00 0.000000e+00 0.000000e+00 0.000000e+00 0.000000e+00 0.000000e+00 0.000000e+00 0.000000e+00 0.000000e+00
6.309573e+03 7.943282e+03 0.000000e+00 0.000000e+00 0.000000e+00 0.000000e+00 0.000000e+00 0.000000e+00 0.000000e+00 0.000000e+00 0.000000e+00 0.000000e+00 0.000000e+00 0.000000e+00
7.943282e+03 1.000000e+04 0.000000e+00 0.000000e+00 0.000000e+00 0.000000e+00 0.000000e+00 0.000000e+00 0.000000e+00 0.000000e+00 0.000000e+00 0.000000e+00 0.000000e+00 0.000000e+00
