# Kling 2025 FASER neutrino flux, Powheg_pythia_charm_min.root, minus 160 urad crossing angle, through x in [-115,135] mm, y in [-171,129] mm at z = 0 (480 m from the ATLAS IP).
# Neutrinos per fb^-1 in each energy bin (NOT per GeV); err = MC statistical error, sqrt(sum w^2).
# E_lo_GeV E_hi_GeV N_nue err_nue N_nuebar err_nuebar N_numu err_numu N_numubar err_numubar N_nutau err_nutau N_nutaubar err_nutaubar
1.000000e+01 1.258925e+01 5.267400e+05 2.635346e+05 4.778800e+05 2.390817e+05 0.000000e+00 0.000000e+00 4.854600e+05 2.434103e+05 0.000000e+00 0.000000e+00 3.938900e+04 3.938900e+04
1.258925e+01 1.584893e+01 6.199710e+05 2.537965e+05 4.973890e+05 2.230603e+05 4.053000e+05 2.029426e+05 1.801410e+05 1.273807e+05 3.459700e+04 3.459700e+04 1.009600e+05 5.844686e+04
1.584893e+01 1.995262e+01 7.073330e+05 2.362010e+05 7.179510e+05 2.403183e+05 9.309780e+05 2.689674e+05 3.912770e+05 1.752399e+05 5.407200e+04 3.823864e+04 8.804800e+04 5.094670e+04
1.995262e+01 2.511886e+01 1.057313e+06 2.570181e+05 6.219020e+05 1.970960e+05 5.483000e+05 1.832797e+05 8.637800e+05 2.312463e+05 2.003790e+05 6.690286e+04 2.020570e+05 6.755002e+04
2.511886e+01 3.162278e+01 9.449230e+05 2.172286e+05 1.012176e+06 2.266845e+05 7.646050e+05 1.978452e+05 1.379506e+06 2.662395e+05 3.360300e+05 7.722300e+04 2.935650e+05 7.135667e+04
3.162278e+01 3.981072e+01 1.272855e+06 2.254876e+05 1.239320e+06 2.228492e+05 1.248105e+06 2.210458e+05 1.157596e+06 2.116487e+05 2.538600e+05 6.002152e+04 2.616660e+05 6.010053e+04
3.981072e+01 5.011872e+01 1.825133e+06 2.422699e+05 1.885087e+06 2.439346e+05 2.071456e+06 2.575231e+05 1.970474e+06 2.486484e+05 4.802238e+05 7.258097e+04 3.588738e+05 6.356840e+04
5.011872e+01 6.309573e+01 2.695568e+06 2.612652e+05 2.533191e+06 2.538970e+05 2.611035e+06 2.554428e+05 3.312579e+06 2.900385e+05 5.898878e+05 7.166299e+04 5.721267e+05 7.057117e+04
6.309573e+01 7.943282e+01 3.451525e+06 2.629610e+05 3.212011e+06 2.529233e+05 3.077609e+06 2.478268e+05 3.954009e+06 2.801905e+05 7.471569e+05 7.205868e+04 6.644011e+05 6.761727e+04
7.943282e+01 1.000000e+02 4.366307e+06 2.634099e+05 5.041205e+06 2.828250e+05 4.031720e+06 2.524917e+05 4.454672e+06 2.658122e+05 9.410830e+05 7.190246e+04 9.117230e+05 7.135020e+04
1.000000e+02 1.258925e+02 5.556701e+06 2.645869e+05 6.240172e+06 2.802556e+05 6.114420e+06 2.783187e+05 5.832125e+06 2.722127e+05 1.318818e+06 7.582428e+04 1.239104e+06 7.330731e+04
1.258925e+02 1.584893e+02 8.275517e+06 2.889661e+05 7.665352e+06 2.768315e+05 7.870038e+06 2.822359e+05 7.468827e+06 2.738731e+05 1.514022e+06 7.274828e+04 1.323758e+06 6.824372e+04
1.584893e+02 1.995262e+02 9.697157e+06 2.776148e+05 9.700969e+06 2.777801e+05 9.004344e+06 2.673976e+05 9.753631e+06 2.790714e+05 1.646347e+06 6.707690e+04 1.592959e+06 6.639668e+04
1.995262e+02 2.511886e+02 1.191308e+07 2.741422e+05 1.216598e+07 2.780251e+05 1.198792e+07 2.754774e+05 1.110929e+07 2.648064e+05 2.026298e+06 6.655559e+04 1.533064e+06 5.791239e+04
2.511886e+02 3.162278e+02 1.461458e+07 2.711201e+05 1.386737e+07 2.642801e+05 1.400931e+07 2.654208e+05 1.341255e+07 2.598951e+05 1.879070e+06 5.746797e+04 1.471390e+06 5.065875e+04
3.162278e+02 3.981072e+02 1.698270e+07 2.602923e+05 1.431930e+07 2.392407e+05 1.694296e+07 2.603487e+05 1.490921e+07 2.444634e+05 1.717154e+06 4.881856e+04 1.547343e+06 4.645881e+04
3.981072e+02 5.011872e+02 1.787571e+07 2.386440e+05 1.651595e+07 2.293862e+05 1.843477e+07 2.418494e+05 1.627915e+07 2.280609e+05 1.756033e+06 4.399472e+04 1.471347e+06 4.025583e+04
5.011872e+02 6.309573e+02 2.154392e+07 2.333043e+05 1.662599e+07 2.052512e+05 2.004210e+07 2.251414e+05 1.663385e+07 2.049193e+05 1.362769e+06 3.459721e+04 1.151927e+06 3.182672e+04
6.309573e+02 7.943282e+02 2.037872e+07 2.023392e+05 1.515262e+07 1.745315e+05 1.927695e+07 1.969661e+05 1.561228e+07 1.773449e+05 1.122843e+06 2.802755e+04 1.056219e+06 2.708161e+04
7.943282e+02 1.000000e+03 1.882037e+07 1.735961e+05 1.317462e+07 1.455151e+05 1.802890e+07 1.696635e+05 1.340744e+07 1.466114e+05 7.733516e+05 2.070894e+04 1.112381e+06 2.482961e+04
1.000000e+03 1.258925e+03 1.645783e+07 1.447245e+05 1.023570e+07 1.142450e+05 1.622194e+07 1.437046e+05 1.018022e+07 1.140287e+05 6.661431e+05 1.711706e+04 9.935832e+05 2.093475e+04
1.258925e+03 1.584893e+03 1.214369e+07 1.108134e+05 7.179740e+06 8.543412e+04 1.231535e+07 1.116194e+05 7.271937e+06 8.592113e+04 4.420820e+05 1.244186e+04 6.551246e+05 1.513547e+04
1.584893e+03 1.995262e+03 9.009162e+06 8.521160e+04 4.054599e+06 5.721112e+04 8.782552e+06 8.408772e+04 4.647254e+06 6.136283e+04 2.237071e+05 7.915814e+03 5.805096e+05 1.271339e+04
1.995262e+03 2.511886e+03 5.736791e+06 6.082138e+04 2.404297e+06 3.951605e+04 5.871563e+06 6.154547e+04 2.018924e+06 3.602973e+04 2.918104e+04 2.554750e+03 3.112558e+05 8.300154e+03
2.511886e+03 3.162278e+03 3.151378e+06 4.034104e+04 5.292559e+05 1.661568e+04 2.746519e+06 3.763404e+04 5.558101e+05 1.701781e+04 0.000000e+00 0.000000e+00 1.493445e+05 5.163641e+03
3.162278e+03 3.981072e+03 8.558431e+05 1.888322e+04 1.077350e+05 6.681617e+03 6.184240e+05 1.603681e+04 0.000000e+00 0.000000e+00 0.000000e+00 0.000000e+00 5.095225e+04 2.709537e+03
3.981072e+03 5.011872e+03 4.005726e+04 3.704425e+03 0.000000e+00 0.000000e+00 2.059843e+04 2.659921e+03 0.000000e+00 0.000000e+00 0.000000e+00 0.000000e+00 3.556800e+03 6.604939e+02
5.011872e+03 6.309573e+03 0.000000e+00 0.000000e+00 0.000000e+00 0.000000e+00 0.000000e+00 0.000000e+00 0.000000e+00 0.000000e+00 0.000000e+00 0.000000e+00 0.000000e+00 0.000000e+00
6.309573e+03 7.943282e+03 0.000000e+00 0.000000e+00 0.000000e+00 0.000000e+00 0.000000e+00 0.000000e+00 0.000000e+00 0.000000e+00 0.000000e+00 0.000000e+00 0.000000e+00 0.000000e+00
7.943282e+03 1.000000e+04 0.000000e+00 0.000000e+00 0.000000e+00 0.000000e+00 0.000000e+00 0.000000e+00 0.000000e+00 0.000000e+00 0.000000e+00 0.000000e+00 0.000000e+00 0.000000e+00
